YMSKE-T1

META 44
2 63 0 1 0 0 1 7134590019814784941 5123522751591384304 

FRAM 3024
-1 1.45440777e-12 1.56978649e-06 0 1.56978649e-06 0 1 -5.58831263 1.45440777e-12 1 0 0 
-1 -4.04146681e-12 4.57921851e-06 -2.9876411 4.04146681e-12 -1 -2.06795153e-25 3.62802839 4.57921851e-06 2.06795153e-25 1 8.66824245 
-1 -4.04146681e-12 4.57921851e-06 2.98766828 4.04146681e-12 -1 -2.06795153e-25 3.62802839 4.57921851e-06 2.06795153e-25 1 8.66823292 
1 0 1.56978649e-06 -1.06053209 0 1 0 3.61240244 -1.56978649e-06 0 1 -0.0114276446 
1 0 1.56978649e-06 1.06053209 0 1 0 3.61240244 -1.56978649e-06 0 1 -0.011430975 
-1 0 1.56978649e-06 -1.06053174 0 -1 0 -7.15255737e-07 1.56978649e-06 0 1 0.253570318 
-1 0 1.56978649e-06 1.06053245 0 -1 0 -7.15255737e-07 1.56978649e-06 0 1 0.25356698 
-1 0 1.56978649e-06 4.32179689 0 -1 0 0.003490448 1.56978649e-06 0 1 8.81485748 
-1 0 1.56978649e-06 -4.32176924 0 -1 0 0.003490448 1.56978649e-06 0 1 8.81487083 
-1 1.54972088e-06 -3.17863744e-08 -0.999995589 -3.17864988e-08 -7.54979013e-08 1 1.90066111 1.54972088e-06 1 7.5497951e-08 2.79769826 
-1 1.54972088e-06 -3.17863744e-08 1.00000441 -3.17864988e-08 -7.54979013e-08 1 1.90066111 1.54972088e-06 1 7.5497951e-08 2.79769492 
1 4.4824465e-24 1.56978649e-06 9.57847078e-06 0 1 -2.85542499e-18 -1 -1.56978649e-06 2.85542499e-18 1 6.10176945 
-0.430952996 -0.754352033 -0.495209575 0 0.754352093 -8.94069672e-08 -0.656470001 1 0.495209545 -0.65647006 0.569047093 0 
0.545157671 -0.385156304 -0.744619191 1.42979815e-08 0.682184875 0.720067382 0.126990914 0.947927415 0.487264693 -0.577198088 0.655297995 1.83844762e-08 
0.99703449 -0.0634037554 -0.0436125658 3.53902578e-08 0.0554961599 0.985013902 -0.163302004 2.46202683 0.053312961 0.160397395 0.985611677 4.47034836e-08 
0.998275042 -0.0398460738 -0.0431188606 -4.12813961e-09 0.0431188978 0.996032596 0.0778435767 2.79494715 0.0398460478 -0.0795685425 0.996032715 -3.42951125e-08 
-1 1.31047483e-14 -1.50995803e-07 1.90879632e-07 1.50995788e-07 1.19248966e-08 -1 0.2649979 -1.85389356e-14 -1 -1.19248691e-08 1.49213975e-13 
-1 3.27494701e-16 -8.74227766e-08 0 -8.74227766e-08 6.80056971e-08 1 1 6.27274145e-15 1 -6.80056971e-08 0 
1 -1.42432165e-14 -8.74242332e-08 -2.90108784e-19 1.42432165e-14 1 0 1.06595445 8.74242332e-08 -1.27054942e-21 1 3.65653535e-19 
1 6.73857971e-29 0 4.40457133e-20 0 1 0 0.819844484 0 0 1 0 
1 6.73857971e-29 0 1.79570985e-19 0 1 0 1.08238029 0 0 1 1.42108547e-14 
1 6.73857971e-29 0 3.86247024e-19 0 1 0 0.441862106 0 0 1 0 
0.364103228 0.79743135 -0.481177837 4.40457133e-20 -0.481177837 0.603409708 0.635896683 0.819844484 0.79743135 2.74890333e-08 0.603409708 0 
0.800583065 0.324755639 -0.503587604 5.37889377e-08 0.0927675664 0.763099492 0.639588594 1.29442072 0.591997385 -0.558760345 0.580797613 1.16970682e-08 
0.968943119 0.200430125 0.144833937 -1.49011612e-08 -0.173455894 0.968326032 -0.179604352 1.96403146 -0.176244617 0.1489041 0.973018706 2.92435288e-07 
0.961872458 -0.0826637894 -0.260707259 2.16532499e-08 0.142364159 0.96523869 0.219195485 1.35131967 0.233525202 -0.24795346 0.940204859 1.33441063e-07 
0.160888702 0.830239952 0.533682048 0.21442613 -0.878980815 0.366464496 -0.305116832 0.302062392 -0.448895812 -0.420006454 0.788724959 -0.0790539533 
0.786847889 -0.396034598 -0.473314792 1.49011612e-08 0.43055883 0.901731193 -0.0387318879 0.336425751 0.442141831 -0.173313648 0.88004148 -2.98023224e-08 
0.786663651 -0.606574476 0.115012884 -0.311376929 0.617219269 0.776965082 -0.123958446 0.446121335 -0.0141709987 0.168501735 0.985599458 0.0412872322 
0.992092013 0.125495076 0.00203036703 3.01748514e-07 -0.125509486 0.992038071 0.0103869932 0.2631993 -0.000710688764 -0.0105596855 0.999943852 -1.68569386e-07 
0.997639656 -0.0676043257 -0.0120262271 -3.7252903e-08 0.0677668527 0.997607768 0.0136581436 0.155222386 0.0110741155 -0.0144408895 0.999834418 -1.08964741e-07 
0.982912004 -0.17493856 0.0572755486 -0.163009405 0.178820387 0.981270671 -0.071629107 0.619975448 -0.0436721295 0.0806471556 0.995785475 0.0619462132 
0.990751863 0.00246241316 -0.13566348 7.4505806e-08 0.0272515211 0.975851059 0.216730773 0.364779472 0.13292104 -0.218423456 0.966759145 1.39698386e-07 
0.991876423 -0.043870993 -0.119400889 -2.98023224e-08 0.0526073277 0.99608624 0.0710269511 0.266515195 0.115817554 -0.0767312497 0.990302265 -3.65078449e-07 
0.995936155 0.025275005 0.0864430815 0.0241848845 -0.0177173 0.996041477 -0.0871053189 0.64892298 -0.0883025005 0.0852198005 0.992441475 0.0355386697 
0.993842304 0.0729491562 -0.0834022015 -1.11758709e-08 -0.0617348105 0.98960036 0.129922941 0.366433322 0.0920125991 -0.1239741 0.988010108 -1.81607902e-07 
0.996479928 0.00688819773 -0.0835486427 -2.23517418e-08 -0.00338134542 0.999110103 0.0420429483 0.253340036 0.0837638751 -0.0416124314 0.995616436 -1.62050128e-07 
0.958374977 0.271248192 0.0891166255 0.177201033 -0.264455318 0.960989535 -0.0810090974 0.51842463 -0.107613727 0.0540697202 0.992721319 0.0041322168 
0.992547572 0.00457036309 -0.121771842 0 0.0120809842 0.990682721 0.13565293 0.304551244 0.121257283 -0.136113107 0.983244658 3.79048288e-07 
0.99827534 0.0585147962 -0.00471239537 -5.96046448e-08 -0.0586252995 0.9978773 -0.0283553377 0.235073596 0.00304318964 0.0285826772 0.999586821 4.84287739e-08 
0.364103228 -0.79743135 0.481177837 4.40457133e-20 0.481177837 0.603409708 0.635896683 0.819844484 -0.79743135 2.74890333e-08 0.603409708 0 
0.800583065 -0.324755639 0.503587604 -5.37889377e-08 -0.0927675664 0.763099492 0.639588594 1.29442072 -0.591997385 -0.558760345 0.580797613 1.16970682e-08 
0.968943119 -0.200430125 -0.144833937 1.49011612e-08 0.173455894 0.968326032 -0.179604352 1.96403146 0.176244617 0.1489041 0.973018706 2.92435288e-07 
0.961872458 0.0826637894 0.260707259 -2.16532499e-08 -0.142364159 0.96523869 0.219195485 1.35131967 -0.233525202 -0.24795346 0.940204859 1.33441063e-07 
0.160888702 -0.830239952 -0.533682048 -0.21442613 0.878980815 0.366464496 -0.305116832 0.302062392 0.448895812 -0.420006454 0.788724959 -0.0790539533 
0.786847889 0.396034598 0.473314792 -1.49011612e-08 -0.43055883 0.901731193 -0.0387318879 0.336425751 -0.442141831 -0.173313648 0.88004148 -2.98023224e-08 
0.731865823 0.671091855 -0.118355773 0.252449691 -0.681447446 0.72108072 -0.125187159 0.415759057 0.00133200269 0.172273442 0.985048234 0.029526677 
0.977768898 -0.20968084 -0.00129915215 -2.88709998e-08 0.209679201 0.977678359 0.013400089 0.325703681 -0.00153958867 -0.013374595 0.999909163 -5.49480319e-07 
0.997639775 0.0676042959 0.0120262317 -2.10478902e-07 -0.0677668825 0.997607827 0.0136581473 0.155222252 -0.011074122 -0.0144408951 0.999834538 5.86733222e-08 
0.982912004 0.17493856 -0.0572755486 0.163009405 -0.178820387 0.981270671 -0.071629107 0.619975448 0.0436721295 0.0806471556 0.995785475 0.0619462132 
0.990751863 -0.00246241316 0.13566348 -7.4505806e-08 -0.0272515211 0.975851059 0.216730773 0.364779472 -0.13292104 -0.218423456 0.966759145 1.39698386e-07 
0.991876423 0.043870993 0.119400889 2.98023224e-08 -0.0526073277 0.99608624 0.0710269511 0.266515195 -0.115817554 -0.0767312497 0.990302265 -3.65078449e-07 
0.995936155 -0.025275005 -0.0864430815 -0.0241848845 0.0177173 0.996041477 -0.0871053189 0.64892298 0.0883025005 0.0852198005 0.992441475 0.0355386697 
0.993842304 -0.0729491562 0.0834022015 1.11758709e-08 0.0617348105 0.98960036 0.129922941 0.366433322 -0.0920125991 -0.1239741 0.988010108 -1.81607902e-07 
0.996479928 -0.00688819773 0.0835486427 2.23517418e-08 0.00338134542 0.999110103 0.0420429483 0.253340036 -0.0837638751 -0.0416124314 0.995616436 -1.62050128e-07 
0.958374977 -0.271248192 -0.0891166255 -0.177201033 0.264455318 0.960989535 -0.0810090974 0.51842463 0.107613727 0.0540697202 0.992721319 0.0041322168 
0.984704971 -0.00457034819 0.174169868 0 -0.0192487072 0.990682662 0.134822667 0.304551244 -0.17316328 -0.136113107 0.97544241 3.79048288e-07 
0.997035563 -0.059946537 -0.0482359789 0 0.0586252995 0.997877359 -0.0283553414 0.235073596 0.0498333797 0.0254434235 0.998433471 -2.34693289e-07 
-0.430952996 0.754352033 0.495209575 0 -0.754352093 -8.94069672e-08 -0.656470001 1 -0.495209545 -0.65647006 0.569047093 0 
0.545157671 0.385156304 0.744619191 -1.42995447e-08 -0.682184875 0.720067382 0.126990914 0.947927415 -0.487264693 -0.577198088 0.655297995 1.83831155e-08 
0.99703449 0.0634037554 0.0436125658 -3.53902578e-08 -0.0554961599 0.985013902 -0.163302004 2.46202683 -0.053312961 0.160397395 0.985611677 4.47034836e-08 
0.998275042 0.0398460738 0.0431188606 4.12813961e-09 -0.0431188978 0.996032596 0.0778435767 2.79494715 -0.0398460478 -0.0795685425 0.996032715 -3.42951125e-08 
-1 -1.31047483e-14 1.50995803e-07 -1.90879632e-07 -1.50995788e-07 1.19248966e-08 -1 0.2649979 1.85389356e-14 -1 -1.19248691e-08 1.49213975e-13 

DONE 0
